
010023
010126
010144
010168
030011
030024
030036
030119
030136
030146
039803
050016
050017
050036
050042
050058
050082
050084
050089
050107
050116
050127
050129
050150
050152
050197
050204
050232
050242
050295
050300
050329
050378
050414
050444
050457
050516
050590
050616
050630
050701
050782
051307
051319
051324
051332
052047
054123
060096
060117
100088
100117
100140
100275
100290
100299
110095
110101
110124
111323
120001
129801
130065
130074
140001
140083
140091
140116
140130
140164
140211
140242
140281
140286
141340
141349
143027
151313
160047
161314
161332
161379
170145
170196
171330
171341
171382
180070
210005
222007
230041
230080
230105
230118
230141
230167
230193
230207
230216
230227
230297
231314
231329
231340
232020
240053
240066
240106
240187
241344
280065
280077
281304
290012
290041
290046
290053
290057
310027
310086
330047
330153
330182
330235
330246
330259
330286
330393
330401
339809
340004
340030
340073
340096
340155
340187
341327
349804
360029
360085
361302
361333
370093
371320
379801
381321
390012
390036
390037
390125
390157
390163
390199
390324
390336
393038
399807
399810
420082
440002
440060
440061
440072
440111
440150
441316
441320
450011
450072
450193
450211
450299
450324
450340
450395
450571
450862
451305
451316
451322
451360
451370
461309
490024
490042
490089
490117
491302
491304
500088
501310
501323
520107
521308
521330
521345
531312
555390
670031
670053
670059
670075
670295
